0.2872656221709842
0.013739043967814432
0.5410624452067672
0.10255733262965067
0.8015093195744216
0.9639817963992429
0.6149544847119599
0.935731606247265
0.46430037547575775
0.8355387913737264
0.701040388453636
0.5860933886549705
0.5334752167062198
0.49534222193065414
0.5679471662301885
0.9545256268003737
0.3857631869090219
0.039512959749807994
0.050600562286993035
0.3153738380981977
0.09803561213166592
0.4933874481248233
0.3591436581969867
0.06509555353711674
0.08684356278896839
0.2957651725896455
0.07411307313470884
0.5729390223885292
0.35896801051205646
0.26612736347697946
0.39171198294954174
0.2736572593853661
0.6930447557879582
0.45147248909323623
0.9174982668758138
0.06498250976461711
0.6146724145461477
0.4217240879720874
0.44561867465312177
0.32129548688563503
0.06909532456659484
0.958958831993219
0.39871176967024236
0.3771120054128507
0.5449340936106569
0.13415352167054628
0.4922548060417392
0.8167306796480953
0.26127420730653816
0.29735771282756596
0.7099135875099489
0.12820108952940443
0.24129594382247269
0.2828694931781577
0.7298590377557438
0.996055139077418
0.018260670676710555
0.4227530740304484
0.1581001888077979
0.7806442708159942
0.022206225902760203
0.6520330450739331
0.4082925422897128
0.34920659293159706
0.9069326034683358
0.6629900587801041
0.4183510272368275
0.8131207719051841
0.5007458170175692
0.8698573949549864
0.5667699346908481
0.6671757327086008
0.9921019396907357
0.8951278947840398
0.1449290210800478
0.39608112063009626
0.13541508816976866
0.07675318070355917
0.08408447272615006
0.19201101888859173
0.33119681578745697
0.8963312602556155
0.33274308504232797
0.773625437970713
0.9980807359630717
0.8112140611918666
0.6820028193669427
0.48272579651617475
0.8856315506201385
0.09751515281933676
0.3484847388817347
0.031233822367211964
0.21784083564419965
0.8710781068094249
0.7191000312957967
0.6629738608549518
0.3137791990347419
0.7563281761689051
0.4877918382628193
0.7448204536060568
0.7628027108946396
0.5871369007223375
0.7306531372476606
0.3171300939648112
0.8400531841232125
0.03937459570492045
0.18885582547228252
0.6980971432502051
0.9302693647870652
0.47941585017967947
0.029144482867141788
0.46521061169600486
0.8477551356282749
0.44277789771752074
0.17164831009130554
0.601865682764773
0.9288645188895235
0.583068584863886
0.5732757606153139
0.1254653697838215
0.7617027404066808
0.7391213504824077
0.06301501026898726
0.8987214319700487
0.02097549735589589
0.3603744568573439
0.9602116946525574
0.5492933637548896
0.7005739870460631
0.8347503406506587
0.5229236719830801
0.6451175453500799
0.5055750354711785
0.973006635886354
0.14614886833500776
0.026740380976632797
0.3797895950614091
0.5263470846804559
0.8277399650501833
0.9609012337347383
0.864710961561471
0.21576958088230566
0.7762684869682523
0.5816214278686225
0.31102978748315846
0.8146851584809975
0.6366348691424826
0.9560071114061633
0.38825967822818064
0.9355689435610872
0.5628645373838976
0.19166330339408
0.3161753526432929
0.0049978287453729025
0.6990410039461391
0.06575932015581847
0.7952022454096865
0.630702048676906
0.43896821639649053
0.7874234843621872
0.5134233547357858
0.506406384419609
0.9910149647249638
0.9112350802956385
0.5615804012259715
0.5449047367081471
0.7903580154234877
0.22180189277181891
0.17239522057418744
0.4935464771481485
0.0616215829754323
0.49154005416572377
0.7548808660773099
0.6064960190839601
0.002098221900268535
0.1459259954307821
0.29458359954542435
0.043592082587229596
0.092140312217637
0.42000378918677095
0.5129284878849667
0.8626897401849134
0.7049915947597403
0.44822638223567446
0.04700835016633764
0.48486942884660555
0.384977403973473
0.764293208680288
0.11681413303063093
0.5413214521151388
0.026425210018353518
0.2643285619928486
0.8954186301658461
0.9748994694008037
0.16020465046983945
0.5517452804810767
0.14839619969586348
0.5852992984253641
0.9537241829826031
0.4658815870754175
0.3222607424611794
0.14937490753411228
0.5170894137731918
0.7599817899105819
0.7494859594063967
0.7798810256645136
0.4420904920192131
0.8358302646379954
0.9946385664719373
0.33296295012299687
0.39484384421725033
0.618072352931497
0.35536058537897186
0.2992852837625144
0.13119316574101925
0.21855279227472812
0.8304365282068258
0.20776423596841354
0.5464661605054588
0.9964141764657536
0.7057854295413727
0.5937861123585779
0.4124788656994445
0.2436742662779565
0.9951236303673814
0.7108290035483804
0.8718383140955501
0.7647458274166605
0.9585743953433015
0.6862424652402175
0.4211466930928241
0.6629132478724331
0.7341822201056865
0.9644156028446034
0.8381204232864555
0.08090601758995897
0.18164224359902126
0.4107518953503415
0.397753241335027
0.6348877940102892
0.5050450986239975
0.13726427749348225
0.31876931985296286
0.06416972576026225
0.19481737917576586
0.06441572345881741
0.42264378115164725
0.021681864198581514
0.42451787410176234
0.9172288384404614
0.19253322233561276
0.33100853909251104
0.5030889737396734
0.36473328577746145
0.6468745784780388
0.5584380538970546
0.6633723185511708
0.6594467928408705
0.6516080122938397
0.5969962202106949
0.036447866078776814
0.38606732826245765
0.8971013519046642
0.3173860069524246
0.23010527427994137
0.14995498942246058
0.2665067869087502
0.32351464559520016
0.4161251747642407
0.1456675380906063
0.7284284529277902
0.061957924610576365
0.3971063694225707
0.15127855668019463
0.11259443765311405
0.9506199279890213
0.7588471965021462
0.6547278731650437
0.2761305906306277
0.12067764070877077
0.455960695683272
0.6702349859668468
0.046233031111473054
0.07303735493569263
0.9760989250700659
0.47124519575309776
0.036862547196423456
0.00571082107400374
0.5999025092389592
0.19698741048178747
0.22212588997354427
0.6481047769220085
0.6847521759657653
0.8394030437845026
0.9270938845846675
0.8282855313705764
0.5055091300878517
0.9230141168173785
0.6046166385149361
0.9383861223143144
0.9922772811258669
0.33531846364322626
0.5969701466940148
0.4965758135812629
0.25143966940474305
0.4482856667677557
0.7376057118385794
0.2975567914798505
0.8184642423101642
0.3420868144720807
0.9802333242283028
0.6794912854046095
0.3969092773514826
0.15988916027011357
0.6135936775927209
0.8923076399324721
0.5288381442438195
0.8239723383439674
0.9495529766604094
0.3582109828887558
0.10101612981422894
0.046537999555892606
0.14263927332784987
0.5040563705169938
0.5641929537945066
0.20428494765590988
0.4365347458388076
0.39477881016046634
0.3668772846919133
0.16789660347197488
0.4858455358292454
0.15833620110208083
0.13208818921735688
0.9343674855110813
0.19051705594089818
0.43352063097335636
0.3691235291096731
0.4669481347340121
0.9612781125999192
0.2405177458834905
0.26333228001624054
0.8989435617569814
0.646989522945065
0.8681884205865988
0.47499736147685323
0.7749961160723793
0.7098781094973391
0.7967472658413189
0.4681616451301702
0.08356269801627883
0.19969752450473488
0.17664553505290634
0.9959456009887266
0.16424113881225888
0.9221956997139139
0.8092471584001395
0.43842189272190923
0.7616694607189725
0.9485347760322027
0.28243196075941857
0.8430411670034385
0.4863572348842542
0.35169434137102695
0.9246583448591064
0.8228317903421789
0.27861766182400927
0.6708943909850291
0.7895367719871439
0.06990970338749292
0.38879879969644726
0.7122140869679252
0.05908958122666511
0.44853729922070196
0.30876830631993735
0.19758237898340503
0.18020938295319833
0.6367398614791241
0.1551765239514782
0.19225623572105818
0.18797227645335757
0.5025230239069474
0.5427491881640356
0.1362345601245756
0.31871110977130734
0.10870544759005205
0.5151765785644087
0.550875703090967
0.18661725256594708
0.6369765376039928
0.16983963416142916
0.4027178280815267
0.07529124432820189
0.31953915422018436
0.002671145205104475
0.5325144432541253
0.04605410822089273
0.712902640707908
0.3075046843458195
0.00516955225754101
0.6306078756994771
0.13490248014552697
0.41332177649512225
0.0588120153440308
0.9089698457969257
0.8278494141705923
0.08869999371522372
0.7882613384824295
0.31735088900299097
0.3247739403343963
0.9298450789654422
0.6383407233009839
0.7745276358338369
0.22255353816261403
0.9228522836452357
0.010463133936443473
0.8917871410170612
0.20692234902362713
0.7269738589679839
0.3484053750201377
0.5895424049040492
0.8881593853181851
0.04768822444860654
0.5280378132147999
0.355660378325788
0.12563597722030825
0.6151239170076985
0.9281494718918688
0.39474598209993006
0.29471180146399156
0.6933474726839457
0.3970546648675025
0.4300549677574553
0.4089656950465752
0.03546434358128365
0.7724693272265657
0.720325410861187
0.996094139832997
0.3450530457968006
0.5985156339176115
0.44442981947436294
0.4750653939496716
0.5309752970144281
0.4604938446146646
0.5335909463264699
0.7193643544084525
0.1367864471808239
0.7652340364027308
0.11072435780263626
0.1744308434770529
0.8238993774055382
0.07151926718432566
0.8864366509960344
0.174598869448083
0.7162930702219975
0.32232510621153176
0.1084355088346034
0.5740162701160828
0.9707582710682569
0.7468198605237382
0.16590137657611348
0.6428484349411914
0.7749564307896852
0.6424272792641996
0.3348872948488111
0.6964869071972991
0.7370336646851834
0.20468809066390428
0.7959249419155892
0.8305148899930697
0.3182452121225516
0.5813372278105895
0.2846280211290502
0.3381951173558633
0.8784016914484919
0.9128064254629064
0.8247835841696314
0.0025909045960085665
0.48587834399312263
0.14471774747779476
0.38518726406938675
0.9864609169699539
0.6586683346703657
0.8618520568582604
0.898554335825744
0.6598802288560943
0.40849896603475044
0.5532753183490715
0.8136175312756486
0.4460212106252053
0.8688831405199342
0.03157120246002121
0.006064635396248574
0.8453606792890542
0.32554625881476973
0.11736389768633106
0.8024097518979729
0.8481466454886061
0.7866878127441465
0.24187619554520384
0.18001719460446908
0.5224834181045712
0.8032800499049815
0.1170016051071625
0.018891318791902194
0.48234104783715914
0.2126214674305209
0.5607997340086275
0.027909272013490777
0.1891894040640889
0.8513137154343906
0.43740573909066627
0.13875662192826588
0.6163275677703545
0.8338126769661265
0.8041258420237699
0.04819331140430842
0.5849679681640104
0.516444522977126
0.796121553112887
0.28988049551702044
0.3960305251220826
0.7813649344497726
0.525546162678225
0.5559209883240651
0.7485004659642327
0.6892041366390622
0.7549205789983455
0.6291408328955536
0.5487665075645585
0.09517274863397884
0.47579966885677316
0.6120792937438326
0.41801080819425374
0.6539123066747157
0.5577179329016487
0.012023864155585528
0.4723879556254118
0.42164514941686193
0.015364627568932476
0.9364275842212
0.7048151506498685
0.7186787956331353
0.5326986113998492
0.47729663254576155
0.4099382621873249
0.5100828491432473
0.7499079531486259
0.0782757243220713
0.9055489315657717
0.2544509207679731
0.6940999643107109
0.9334185657836633
0.0070900410058896135
0.4490499125265219
0.7966664038713378
0.8001498252037769
0.790314188055383
0.7976874497716467
0.7650361270014748
0.6643245681371326
0.45328566268687953
0.828374694944468
0.8152547728872149
0.8239191571462093
0.474455856585902
0.24538557432650135
0.985524809604301
0.23713534222005173
0.02519052731926229
0.11906722579720645
0.5286157262640151
0.8354392700723974
0.10750405960221765
0.47127579795324037
0.030919869705555936
0.06982289299858467
0.6475020668003655
0.2869736986811193
0.1940833085329119
0.15222543555993795
0.29139602514709556
0.16920518408259055
0.5694916909162386
0.11836624967077225
0.6420843962764289
0.8107643719494025
0.9473414585093571
0.5774232415131384
0.6496243437507815
0.44052320049622984
0.8362014942348872
0.3763315900328242
0.45214046510341416
0.6368592550967359
0.8610630823051904
0.5061740038847271
0.9901428825326555
0.9698226160246356
0.5846002309272185
0.8030381319997497
0.530598884017743
0.35279106711570574
0.25937460575693333
0.3888033077651772
0.30316814629632494
0.25485700112361687
0.0367768157385291
0.9581622902298365
0.23006529941281584
0.9318457804760083
0.33364335855161653
0.9055728556265085
0.21719012815304928
0.5703784322034926
0.18380728056926987
0.29514283635714167
0.39948071413414105
0.7442931315724601
0.8135754416443957
0.34217069973251246
0.8581520473288351
0.2620512929007205
0.4093448644362254
0.3498450577221561
0.20765505688277663
0.21596430894009022
0.01953650369275597
0.27909049729263735
0.13528793685919194
0.3445139008489435
0.3041213308815151
0.7194500285149791
0.9005441233947582
0.5575850334586445
0.9930661615966405
0.39637884881078733
0.29264635567671116
0.34290299437939653
0.293835121573367
0.31323687858519067
0.8896305403641385
0.5479078196022305
0.5531982293209542
0.2765089903312774
0.25242509897892695
0.666696719056789
0.44804503335790075
0.08086075460694139
0.28911125160950174
0.8336086988699873
0.7668028348997016
0.6319565053415555
0.8629772758763652
0.8699999711465224
0.8805783878088393
0.9505670069949147
0.15155334251359798
0.860057941197573
0.09935382671547655
0.3834373924202907
0.04958947296409706
0.14817653728493946
0.555536373040526
0.7284606082772882
0.05083051070213765
0.9402421846044955
0.7514251823748722
0.19247863173816881
0.8635467098294571
0.6920736594005983
0.6045607189687028
0.9666199295613573
0.38107295592063983
0.748719998900856
0.8756142249344367
0.42488887327992786
0.14829630100490854
0.37972645391609117
0.3538325838452053
0.5023983023874126
0.03978331848167068
0.3130647540603681
0.18249927489162854
0.18403685000868197
0.275062100342092
0.6105845363607505
0.5244511989380504
0.7414681851704843
0.8992825573439093
0.6857590267355597
0.5915519972543868
0.5729919953366368
0.6072827363084444
0.8698932247134481
0.27667425298561943
0.6845950642550507
0.26705023875842326
0.2910970391079724
0.1302629879189383
0.14069169114316504
0.7265611874567118
0.3280751824353345
0.570251439253607
0.010597179908150123
0.15364222254396842
0.9265236678229805
0.1558712073786014
0.7325795418900576
0.12257014105800058
0.2719759977396191
0.9924446689157322
0.5428462014635104
0.05312529138963695
0.8771421995858905
0.5253567784728581
0.9395499757232944
0.13915402886559414
0.8539814085937781
0.02041523541178862
0.6842174114693282
0.7631896159363541
0.049268501186208624
0.8837961369475372
0.9759147351967131
0.8818670308032757
0.2715862988606703
0.47928784856633927
0.06571115298527873
0.32629521354941543
0.40834949348928795
0.9149065093533081
0.887890052097601
0.5007575205697523
0.7822606033000072
0.6184966543358265
0.9679659484194065
0.39989670542033373
0.4357929438976391
0.4111358918892555
0.11096972240488648
0.13416676972904096
0.7000902417130319
0.265834361359033
0.18668512616958965
0.43835215716051995
0.33780315686569895
0.24872599129930317
0.6535518441811865
0.7943436927635947
0.2815067769877835
0.9834753969579981
0.6059498696583112
0.5820561543311874
0.8705898428229588
0.5198941337902627
0.9117712548744741
0.18935996579442263
0.42861479457112933
0.06715234421335319
0.33967935636126945
0.418027811882971
0.3533990924934085
0.22873816055506516
0.9591336225168268
0.1845091925851316
0.11133239999300981
0.9030915939178669
0.892687024661013
0.3749899859412392
0.7614826460690923
0.3509760465683285
0.73995486601782
0.7171920275568573
0.6254518876529537
0.5754133868875532
0.9420236396509458
0.5696782491674528
0.534273380780931
0.7228075198401238
0.28725537322891004
0.6745081559097135
0.7708787539939517
0.6268134315410927
0.12562228023733
0.7728754665946127
0.6188992310674426
0.1398619391727811
0.23680667368879782
0.3291430591920044
0.1385413538203767
0.306983149215906
0.9695479249809342
0.2340964122512112
0.8710662356023824
0.2745036776987375
0.971162394067854
0.18464227848538722
0.4167617544420917
0.24463215611648503
0.7644956910460352
0.825803095907627
0.8978279605364398
0.3298991996058378
0.22040939586777664
0.35550453387869596
0.8627882775948049
0.31258122780613773
0.8537045860207505
0.15000911599195366
0.5937466539791837
0.6810161358271918
0.2342489183351519
0.728775381034112
0.5832344196430221
0.8228579934386715
0.5290954420577494
0.7017065137630929
0.49392281531565585
0.40861120847342214
0.26183809170489664
0.40907326694765195
0.19655619345788944
0.07206084454298119
0.7251827866070244
0.022599594236745846
0.9517933807715914
0.5381977660694603
0.26265970476165323
0.40723800890608275
0.7289665688942399
0.46988883170342466
0.9739129802903939
0.4177117741036783
0.44401733781339114
0.8875552971938647
0.28200803672785857
0.47797085617500285
0.4390522009264417
0.11453224062107006
0.014378763914771336
0.7296774533631897
0.30477899457656904
0.43222102946069124
0.02672698177770294
0.6766350555065018
0.11016790589094203
0.561543992686012
0.007448149727562401
0.7217023521427719
0.6466928884489609
0.3197032245511635
0.4794404324773598
0.14075017784759947
0.11129316186150917
0.9623756185903347
0.6448117920289331
0.9903166033135569
0.7785480919134289
0.23233559298138565
0.004329479461863572
0.8854591800162759
0.7770493517055885
0.36992308084439063
0.8392528301206046
0.3848482999796121
0.8161890385146373
0.5172660008970467
0.9107106200542796
0.7791502772053827
0.8848994040097808
0.9809104498355239
0.4255531329480302
0.15385057570426092
0.678276601423119
0.07518116502805124
0.90532642488073
0.4188229461586206
0.7689503623242703
0.402295868843835
0.31469201419289794
0.07978587170909979
0.9747866863135928
0.8768495608779279
0.7012490117627956
0.9125822721423849
0.5388706009431605
0.5893575275197216
0.2763373829377893
0.7395203127695642
0.03132640009438359
0.2289917109989983
0.7231702583268367
0.1853406430214822
0.22244070584233538
0.19331027546780308
0.5518548059828595
0.1022889373362712
0.4654782681488319
0.6174674204700074
0.3467114101347033
0.7612627854798651
0.8078426513626897
0.3933050684809809
0.7692970876681016
0.41830312914759515
0.46664478022554384
0.7239773202915024
0.9608976102129507
0.470179317999167
0.9391566188414167
0.3785127063692211
0.21207544014219826
0.109946814987083
0.4741493306820408
0.5856422757730638
0.6732112929862168
0.9529221829929526
0.7783676455751283
0.21651551478179543
0.1262413842754461
0.31773494394170043
0.01884095110543238
0.7915817763426263
0.6684612888913638
0.5859805139638636
0.46820681115571816
0.06289903875447611
0.9069331547684993
0.7967041392923491
0.2975630888738745
0.3690975325965185
0.8861668358672266
0.06548732214317021
0.6845153099547241
0.8909634979200856
0.11083305174432696
0.6435633147029474
0.15035023345438647
0.7420183291716385
0.038397082640875935
0.7261524120871734
0.7451797800267876
0.19970524099801046
0.03766910628633901
0.011498474963278493
0.9332859715931844
0.1954670417354818
0.6813534399086066
0.3385737060386904
0.6581562477669309
0.03706142678686852
0.6001877745656096
0.9973454352345617
0.007084758445788896
0.9722909465324902
0.9439458514382442
0.17212130188527971
0.702028595427916
0.15281807078280313
0.36845120575430224
0.6462997565733446
0.45315300709205486
0.7591635108791068
0.08794365724211861
0.4933799955318781
0.784800339270143
0.5659995152265376
0.7667636531324555
0.1377461958301709
0.386717446027099
0.37956867324378896
0.19364184162850173
0.0024337931811904134
0.15291740109123605
0.5006352566596624
0.4816509566669363
0.08639705906455095
0.04655135422076829
0.6987662128548136
0.9068199354699185
0.9502801349336176
0.2136813381808813
0.49703233187351353
0.5371241716909223
0.7724007473152488
0.9549232822220741
0.47933240399959076
0.12727537276783124
0.3179043521404817
0.26305207431314687
0.035998742077188076
0.5869280358848068
0.28243718777998333
0.18742885212987634
0.20265580304348285
0.7497455827002822
0.48725892357229683
0.5358493689985155
0.3635124954781026
0.7904283764359197
0.9694664614320961
0.09563742345483232
0.23122780087670103
0.6484786732975202
0.7489240872226945
0.645423869460341
0.8554702749230878
0.3932599657162241
0.2449341574639181
0.6679453323960209
0.849357269921567
0.2675508082830647
0.030362175282503845
0.5614718715394417
0.7458008447108135
0.25195856647702625
0.6707502981153799
0.803664066322921
0.04389141163669927
0.5541253457999962
0.09423529485510242
0.5480379687005172
0.97413880448378
0.21383208231188
0.6579079246552046
0.0815223545877306
0.7775330316022282
0.015067687099109994
0.9169969006792029
0.3376755213192191
0.5668634957566431
0.7364303592088757
0.08124672885088158
0.15678557670722898
0.35911357197445565
0.3690306755179425
0.5867948666614751
0.9667250845155421
0.3029688004254584
0.595711770273013
0.274882304696374
0.2802106903798946
0.1452525708839709
0.4600169741736816
0.45172445952706886
0.016170339108486642
0.15528980100224005
0.4162140029094733
0.4475165731757009
0.8625255569225131
0.9994873734629499
0.8531306253254366
0.8601952011109074
0.40975535732352575
0.36630671897345035
0.5901817907628373
0.5931190755916427
0.4991918593827888
0.2849620739986949
0.5153803360507807
0.6410600641750757
0.5351897232893187
0.7354334977842958
0.14073545904157866
0.6180800620132476
0.15998142471599208
0.7324309898744342
0.5486674498455786
0.7412165927242265
0.9242723522353988
0.08219973771264927
0.563215123499888
0.1702807273906588
0.719086378420226
0.2786886548415797
0.7325669989034969
0.9200202959724527
0.4568560381001388
0.9939703766542967
0.9954067375279106
0.18329418134563458
0.18311860505102923
0.5187300059618201
0.7140956556942892
0.007590052934517498
0.26665025831246814
0.44977597654506196
0.3107081178029825
0.25074068266007465
0.25168822927828255
0.07970379853632595
0.4681575999724412
0.464471525115336
0.8363878944911947
0.5861357797260986
0.2771852492900304
0.228434149295919
0.6152273859230892
0.2829870578991023
0.5083604320348122
0.08153776901886522
0.5578744639107422
0.459551102493736
